Fancy numbers:


ABAB pattern: 
101, 202, 303, 404, 505, 606, 707, 808, 909, 1010
1212, 1313, 1414, 1515, 1616, 1717, 1818, 1919, 2020, 2121
2323, 2424, 2525, 2626, 2727, 2828, 2929, 3030, 3131, 3232
3434, 3535, 3636, 3737, 3838, 3939, 4040, 4141, 4242, 4343
4545, 4646, 4747, 4848, 4949, 5050, 5151, 5252, 5353, 5454
5656, 5757, 5858, 5959, 6060, 6161, 6262, 6363, 6464, 6565
6767, 6868, 6969, 7070, 7171, 7272, 7373, 7474, 7575, 7676
7878, 7979, 8080, 8181, 8282, 8383, 8484, 8585, 8686, 8787
8989, 9090, 9191, 9292, 9393, 9494, 9595, 9696, 9797, 9898

ABBA pattern: 
110, 220, 330, 440, 550, 660, 770, 880, 990, 1001
1221, 1331, 1441, 1551, 1661, 1771, 1881, 1991, 2002, 2112
2332, 2442, 2552, 2662, 2772, 2882, 2992, 3003, 3113, 3223
3443, 3553, 3663, 3773, 3883, 3993, 4004, 4114, 4224, 4334
4554, 4664, 4774, 4884, 4994, 5005, 5115, 5225, 5335, 5445
5665, 5775, 5885, 5995, 6006, 6116, 6226, 6336, 6446, 6556
6776, 6886, 6996, 7007, 7117, 7227, 7337, 7447, 7557, 7667
7887, 7997, 8008, 8118, 8228, 8338, 8448, 8558, 8668, 8778
8998, 9009, 9119, 9229, 9339, 9449, 9559, 9669, 9779, 9889

AAAB pattern: 
1, 2, 3, 4, 5, 6, 7, 8, 9, 1110
1112, 1113, 1114, 1115, 1116, 1117, 1118, 1119, 2220, 2221
2223, 2224, 2225, 2226, 2227, 2228, 2229, 3330, 3331, 3332
3334, 3335, 3336, 3337, 3338, 3339, 4440, 4441, 4442, 4443
4445, 4446, 4447, 4448, 4449, 5550, 5551, 5552, 5553, 5554
5556, 5557, 5558, 5559, 6660, 6661, 6662, 6663, 6664, 6665
6667, 6668, 6669, 7770, 7771, 7772, 7773, 7774, 7775, 7776
7778, 7779, 8880, 8881, 8882, 8883, 8884, 8885, 8886, 8887
8889, 9990, 9991, 9992, 9993, 9994, 9995, 9996, 9997, 9998

ABBB pattern: 
111, 222, 333, 444, 555, 666, 777, 888, 999, 1000
1222, 1333, 1444, 1555, 1666, 1777, 1888, 1999, 2000, 2111
2333, 2444, 2555, 2666, 2777, 2888, 2999, 3000, 3111, 3222
3444, 3555, 3666, 3777, 3888, 3999, 4000, 4111, 4222, 4333
4555, 4666, 4777, 4888, 4999, 5000, 5111, 5222, 5333, 5444
5666, 5777, 5888, 5999, 6000, 6111, 6222, 6333, 6444, 6555
6777, 6888, 6999, 7000, 7111, 7222, 7333, 7444, 7555, 7666
7888, 7999, 8000, 8111, 8222, 8333, 8444, 8555, 8666, 8777
8999, 9000, 9111, 9222, 9333, 9444, 9555, 9666, 9777, 9888

AAAA pattern: 
1111, 2222, 3333, 4444, 5555, 6666, 7777, 8888, 9999

AABA pattern: 
11, 22, 33, 44, 55, 66, 77, 88, 99, 1100
1122, 1133, 1144, 1155, 1166, 1177, 1188, 1199, 2200, 2211
2233, 2244, 2255, 2266, 2277, 2288, 2299, 3300, 3311, 3322
3344, 3355, 3366, 3377, 3388, 3399, 4400, 4411, 4422, 4433
4455, 4466, 4477, 4488, 4499, 5500, 5511, 5522, 5533, 5544
5566, 5577, 5588, 5599, 6600, 6611, 6622, 6633, 6644, 6655
6677, 6688, 6699, 7700, 7711, 7722, 7733, 7744, 7755, 7766
7788, 7799, 8800, 8811, 8822, 8833, 8844, 8855, 8866, 8877
8899, 9900, 9911, 9922, 9933, 9944, 9955, 9966, 9977, 9988

Series pattern: 
1, 102, 123, 203, 304, 405, 506, 607, 708, 809
910, 1011, 1112, 1213, 1234, 1314, 1415, 1516, 1617, 1718
1819, 1920, 2021, 2122, 2223, 2324, 2345, 2425, 2526, 2627
2728, 2829, 2930, 3031, 3132, 3233, 3334, 3435, 3456, 3536
3637, 3738, 3839, 3940, 4041, 4142, 4243, 4344, 4445, 4546
4567, 4647, 4748, 4849, 4950, 5051, 5152, 5253, 5354, 5455
5556, 5657, 5678, 5758, 5859, 5960, 6061, 6162, 6263, 6364
6465, 6566, 6667, 6768, 6789, 6869, 6970, 7071, 7172, 7273
7374, 7475, 7576, 7677, 7778, 7879, 7890, 7980, 8081, 8182
8283, 8384, 8485, 8586, 8687, 8788, 8889, 8901, 8990, 9012
9091, 9192, 9293, 9394, 9495, 9596, 9697, 9798, 9899, 9900
